[0, 1, 1, 0, 0, 0, 0, 'node_id= 108']
[0, 1, 1, 0, 0, 0, 0, 'node_id= 129']
[0, 1, 1, 0, 0, 0, 0, 'node_id= 405']
[0, 1, 1, 0, 0, 0, 0, 'node_id= 425']
[0, 1, 1, 0, 0, 0, 0, 'node_id= 472']
[0, 1, 1, 0, 0, 0, 0, 'node_id= 550']
[0, 1, 1, 0, 0, 0, 0, 'node_id= 633']
[0, 1, 1, 0, 0, 0, 0, 'node_id= 719']
[0, 1, 1, 0, 0, 0, 0, 'node_id= 73']
[0, 1, 1, 0, 0, 0, 0, 'node_id= 79']
[0, 89, 89, 0, 0, 0, 0, 'node_id= 984']
[0.007955346481953016, 77947, 8434, 68960, 553, 0, 547, 'node_id= 702']
[0.007971323938558691, 86649, 9372, 76661, 616, 0, 577, 'node_id= 464']
[0.007996997890759456, 86556, 9277, 76661, 618, 0, 580, 'node_id= 146']
[0.008027390954079871, 77944, 8432, 68954, 558, 0, 552, 'node_id= 782']
[0.008061907165133221, 86649, 9372, 76654, 623, 0, 584, 'node_id= 389']
[0.00807484762607244, 86650, 9373, 76653, 624, 0, 585, 'node_id= 387']
[0.008074952119674931, 86649, 9373, 76652, 624, 0, 585, 'node_id= 500']
[0.008100728547950879, 86650, 9373, 76651, 626, 0, 587, 'node_id= 385']
[0.008126714633262592, 86648, 9372, 76648, 628, 0, 590, 'node_id= 524']
[0.008165219529238215, 86649, 9370, 76648, 631, 0, 593, 'node_id= 267']
[0.008165430852646972, 86649, 9372, 76646, 631, 0, 592, 'node_id= 424']
[0.008165536518453337, 86643, 9367, 76645, 631, 0, 593, 'node_id= 508']
[0.008165536518453337, 86648, 9372, 76645, 631, 0, 592, 'node_id= 525']
[0.00817837131358619, 86644, 9367, 76645, 632, 0, 593, 'node_id= 422']
[0.00817847714685025, 86648, 9372, 76644, 632, 0, 594, 'node_id= 522']
[0.008217299032040996, 86648, 9372, 76641, 635, 0, 597, 'node_id= 530']
[0.00822973717001362, 78376, 9358, 68450, 568, 0, 531, 'node_id= 504']
[0.00824318103349062, 77946, 8434, 68939, 573, 0, 567, 'node_id= 809']
[0.008255907243976294, 86650, 9372, 76640, 638, 0, 599, 'node_id= 306']
[0.008269061545628656, 86601, 9325, 76637, 639, 0, 600, 'node_id= 479']
[0.00828200217402557, 86650, 9374, 76636, 640, 0, 601, 'node_id= 542']
[0.008294942802422486, 86650, 9374, 76635, 641, 0, 602, 'node_id= 495']
[0.008307883430819401, 86643, 9367, 76634, 642, 0, 603, 'node_id= 493']
[0.008307883430819401, 86649, 9373, 76634, 642, 0, 603, 'node_id= 549']
[0.00833354900489143, 86650, 9372, 76634, 644, 0, 605, 'node_id= 307']
[0.008346705316010146, 86650, 9374, 76631, 645, 0, 606, 'node_id= 497']
[0.008372586572803976, 86643, 9367, 76629, 647, 0, 609, 'node_id= 477']
[0.00837265508113707, 77899, 8387, 68930, 582, 0, 576, 'node_id= 784']
[0.00851493348517004, 86649, 9373, 76618, 658, 0, 619, 'node_id= 539']
[0.008516637654471955, 77901, 8390, 68919, 592, 0, 587, 'node_id= 942']
[0.008527543058269388, 86647, 9368, 76620, 659, 0, 621, 'node_id= 250']
[0.008527543058269388, 86648, 9369, 76620, 659, 0, 621, 'node_id= 268']
[0.008527874113566954, 86649, 9373, 76617, 659, 0, 620, 'node_id= 536']
[0.008540704219884312, 86650, 9373, 76617, 660, 0, 622, 'node_id= 383']
[0.008553755370360785, 86650, 9374, 76615, 661, 0, 622, 'node_id= 484']
[0.008579636627154615, 86649, 9373, 76613, 663, 0, 625, 'node_id= 514']
[0.008590145916788385, 77581, 8432, 68555, 594, 0, 588, 'node_id= 618']
[0.008605517883948444, 86649, 9373, 76611, 665, 0, 627, 'node_id= 518']
[0.00861812394052718, 86649, 9370, 76613, 666, 0, 628, 'node_id= 150']
[0.008631399140742275, 86649, 9373, 76609, 667, 0, 628, 'node_id= 532']
[0.008644004192600837, 86648, 9369, 76611, 668, 0, 629, 'node_id= 243']
[0.008644339769139189, 86650, 9374, 76608, 668, 0, 629, 'node_id= 548']
[0.00868293692900955, 86649, 9371, 76607, 671, 0, 632, 'node_id= 281']
[0.008709042911123763, 86648, 9372, 76603, 673, 0, 634, 'node_id= 478']
[0.008710400735928247, 77962, 8390, 68966, 606, 0, 600, 'node_id= 890']
[0.008717919208194268, 77946, 8434, 68906, 606, 0, 600, 'node_id= 781']
[0.00873458507485863, 86648, 9369, 76604, 675, 0, 636, 'node_id= 248']
[0.008747864796314508, 86650, 9374, 76600, 676, 0, 638, 'node_id= 555']
[0.00876069205585103, 86649, 9372, 76600, 677, 0, 639, 'node_id= 384']
[0.008773632516790248, 86648, 9371, 76599, 678, 0, 639, 'node_id= 428']
[0.008782268728798942, 78007, 8435, 68961, 611, 0, 605, 'node_id= 876']
[0.0087864592768964, 86649, 9371, 76599, 679, 0, 641, 'node_id= 340']
[0.008825508566695998, 86649, 9373, 76594, 682, 0, 643, 'node_id= 590']
[0.008839763123095498, 78008, 8436, 68957, 615, 0, 609, 'node_id= 871']
[0.00886421574336478, 86649, 9372, 76592, 685, 0, 647, 'node_id= 351']
[0.008877156204303998, 86646, 9369, 76591, 686, 0, 647, 'node_id= 467']
[0.008877156204303998, 86649, 9372, 76591, 686, 0, 648, 'node_id= 451']
[0.00888224556965664, 78010, 8433, 68959, 618, 0, 612, 'node_id= 705']
[0.008882373232149018, 77965, 8389, 68958, 618, 0, 612, 'node_id= 802']
[0.008926004714540333, 78008, 8436, 68951, 621, 0, 615, 'node_id= 892']
[0.008929033593871318, 86648, 9372, 76586, 690, 0, 652, 'node_id= 516']
[0.00895479896993931, 86649, 9372, 76585, 692, 0, 653, 'node_id= 465']
[0.008980679891817746, 86650, 9373, 76583, 694, 0, 655, 'node_id= 430']
[0.008982853529183495, 78011, 8434, 68952, 625, 0, 619, 'node_id= 738']
[0.008987015774224703, 83921, 9369, 73882, 670, 0, 665, 'node_id= 13']
[0.008991382658859749, 77945, 8434, 68886, 625, 0, 619, 'node_id= 928']
[0.008997355409911464, 78011, 8435, 68950, 626, 0, 620, 'node_id= 747']
[0.009011857707509882, 78009, 8434, 68948, 627, 0, 621, 'node_id= 934']
[0.00903244173557462, 86650, 9373, 76579, 698, 0, 659, 'node_id= 402']
[0.009032558621046637, 86648, 9372, 76578, 698, 0, 660, 'node_id= 519']
[0.009058439877840468, 86602, 9326, 76576, 700, 0, 662, 'node_id= 529']
[0.009058439877840468, 86649, 9373, 76576, 700, 0, 661, 'node_id= 482']
[0.009071380506237382, 86650, 9374, 76575, 701, 0, 663, 'node_id= 585']
[0.00908346148871035, 78010, 8433, 68945, 632, 0, 626, 'node_id= 733']
[0.009084203579331495, 86650, 9373, 76575, 702, 0, 664, 'node_id= 350']
[0.00909702632055695, 86649, 9371, 76575, 703, 0, 665, 'node_id= 283']
[0.00910984872992663, 86649, 9370, 76575, 704, 0, 665, 'node_id= 170']
[0.009110202391428127, 86643, 9367, 76572, 704, 0, 666, 'node_id= 517']
[0.009145556032632032, 78297, 8427, 69231, 639, 0, 634, 'node_id= 159']
[0.009148669108037112, 86650, 9371, 76572, 707, 0, 669, 'node_id= 90']
[0.00914890588402759, 86649, 9372, 76570, 707, 0, 668, 'node_id= 431']
[0.009163753542502841, 77946, 8433, 68876, 637, 0, 631, 'node_id= 637']
[0.009170355890300696, 78007, 8435, 68934, 638, 0, 632, 'node_id= 875']
[0.009184333453108156, 78010, 8435, 68936, 639, 0, 633, 'node_id= 925']
[0.009200667727784464, 86649, 9372, 76566, 711, 0, 672, 'node_id= 400']
[0.009226548649662901, 86645, 9368, 76564, 713, 0, 674, 'node_id= 390']
[0.009226668047000362, 86649, 9373, 76563, 713, 0, 674, 'node_id= 535']
[0.009241692537656663, 78010, 8434, 68933, 643, 0, 637, 'node_id= 810']
[0.009252190116331733, 86648, 9369, 76564, 715, 0, 676, 'node_id= 189']
[0.009252190116331733, 86648, 9369, 76564, 715, 0, 677, 'node_id= 251']
[0.009252429571541338, 86649, 9372, 76562, 715, 0, 676, 'node_id= 461']
[0.009255932276470672, 78010, 8433, 68933, 644, 0, 639, 'node_id= 693']
[0.00925913536802387, 84084, 9347, 74045, 692, 0, 653, 'node_id= 757']
[0.009265250135873081, 86649, 9371, 76562, 716, 0, 677, 'node_id= 331']
[0.009277950310559006, 86649, 9369, 76563, 717, 0, 679, 'node_id= 50']
[0.00928494430470715, 77965, 8390, 68929, 646, 0, 640, 'node_id= 952']
[0.009291010494442215, 86648, 9369, 76561, 718, 0, 679, 'node_id= 226']
[0.009299049973410753, 78011, 8434, 68930, 647, 0, 641, 'node_id= 706']
[0.009316890746515871, 86647, 9368, 76559, 720, 0, 682, 'node_id= 66']
[0.009317252445778766, 86649, 9373, 76556, 720, 0, 681, 'node_id= 502']
[0.009328465474616224, 78006, 8434, 68923, 649, 0, 643, 'node_id= 896']
[0.009330193074175682, 86602, 9326, 76555, 721, 0, 683, 'node_id= 531']
[0.009342301943198805, 78009, 8433, 68926, 650, 0, 644, 'node_id= 769']
[0.009342301943198805, 78010, 8434, 68926, 650, 0, 644, 'node_id= 818']
[0.009350903441132466, 77945, 8433, 68862, 650, 0, 644, 'node_id= 824']
[0.009355711124626354, 86649, 9370, 76556, 723, 0, 685, 'node_id= 181']
[0.009369014959366427, 86649, 9373, 76552, 724, 0, 685, 'node_id= 476']
[0.009369014959366427, 86649, 9373, 76552, 724, 0, 686, 'node_id= 520']
[0.009433078662509867, 84038, 9301, 74032, 705, 0, 666, 'node_id= 753']
[0.009433718101351001, 86601, 9325, 76547, 729, 0, 691, 'node_id= 554']
[0.009459599358144832, 86648, 9372, 76545, 731, 0, 692, 'node_id= 498']
[0.009485480614938662, 86649, 9373, 76543, 733, 0, 694, 'node_id= 503']
[0.009494626904320055, 77947, 8434, 68853, 660, 0, 654, 'node_id= 727']
[0.009498298329386493, 86649, 9372, 76543, 734, 0, 695, 'node_id= 401']
[0.009511238790325711, 86644, 9367, 76542, 735, 0, 697, 'node_id= 367']
[0.009511361871732491, 86602, 9326, 76541, 735, 0, 696, 'node_id= 588']
[0.009601946270510897, 86650, 9374, 76534, 742, 0, 703, 'node_id= 540']
[0.00961488689890781, 86649, 9373, 76533, 743, 0, 705, 'node_id= 507']
[0.009615522817103844, 78010, 8435, 68906, 669, 0, 663, 'node_id= 943']
[0.009629618983284707, 78010, 8433, 68907, 670, 0, 664, 'node_id= 731']
[0.00964076815570164, 86648, 9372, 76531, 745, 0, 707, 'node_id= 505']
[0.00967287570426584, 78010, 8434, 68903, 673, 0, 667, 'node_id= 801']
[0.009687248476486145, 78010, 8434, 68902, 674, 0, 668, 'node_id= 770']
[0.009687248476486145, 78011, 8435, 68902, 674, 0, 668, 'node_id= 772']
[0.009701481811518173, 78010, 8433, 68902, 675, 0, 669, 'node_id= 703']
[0.009701760689902982, 78011, 8436, 68900, 675, 0, 669, 'node_id= 944']
[0.00970217903754384, 78007, 8435, 68897, 675, 0, 669, 'node_id= 862']
[0.009716133668702838, 78011, 8436, 68899, 676, 0, 670, 'node_id= 912']
[0.009724939578777765, 77948, 8436, 68836, 676, 0, 670, 'node_id= 743']
[0.009730974779694354, 86649, 9370, 76527, 752, 0, 713, 'node_id= 186']
[0.009743914905731182, 86642, 9363, 76526, 753, 0, 715, 'node_id= 116']
[0.009764996244232214, 83919, 9367, 73824, 728, 0, 723, 'node_id= 11']
[0.009782988470049303, 86649, 9372, 76521, 756, 0, 717, 'node_id= 359']
[0.00978799856270212, 77965, 8390, 68894, 681, 0, 675, 'node_id= 917']
[0.009795802168793189, 86648, 9370, 76521, 757, 0, 718, 'node_id= 334']
[0.00979605569646462, 86650, 9374, 76519, 757, 0, 719, 'node_id= 512']
[0.009796728669457511, 77946, 8433, 68832, 681, 0, 675, 'node_id= 682']
[0.00979798245845076, 85298, 9364, 75190, 744, 0, 705, 'node_id= 468']
[0.009802794227562812, 78007, 8435, 68890, 682, 0, 676, 'node_id= 869']
[0.009821555661952147, 86649, 9370, 76520, 759, 0, 720, 'node_id= 200']
[0.00982193695325845, 86643, 9367, 76517, 759, 0, 720, 'node_id= 583']
[0.009822064056939502, 86602, 9327, 76516, 759, 0, 720, 'node_id= 746']
[0.009831117499101689, 78011, 8436, 68891, 684, 0, 678, 'node_id= 930']
[0.00984534897090951, 78010, 8434, 68891, 685, 0, 679, 'node_id= 776']
[0.009847435914025803, 86648, 9369, 76518, 761, 0, 723, 'node_id= 61']
[0.009858493729461472, 83923, 9368, 73820, 735, 0, 730, 'node_id= 9']
[0.00986024844720497, 86649, 9369, 76518, 762, 0, 724, 'node_id= 45']
[0.00986050363622247, 86649, 9371, 76516, 762, 0, 723, 'node_id= 326']
[0.009902697730571884, 78011, 8434, 68888, 689, 0, 683, 'node_id= 711']
[0.009903409417581785, 78007, 8435, 68883, 689, 0, 683, 'node_id= 877']
[0.009917355371900827, 78012, 8437, 68885, 690, 0, 684, 'node_id= 945']
[0.009925205103651752, 86649, 9371, 76511, 767, 0, 729, 'node_id= 348']
[0.009925333540380709, 86642, 9365, 76510, 767, 0, 728, 'node_id= 408']
[0.009931585604231343, 78011, 8435, 68885, 691, 0, 685, 'node_id= 812']
[0.009932156614730063, 78007, 8435, 68881, 691, 0, 685, 'node_id= 894']
[0.009938016796283596, 86644, 9365, 76511, 768, 0, 729, 'node_id= 271']
[0.009938145397137606, 86649, 9371, 76510, 768, 0, 730, 'node_id= 344']
[0.009940872667635338, 77945, 8434, 68820, 691, 0, 685, 'node_id= 961']
[0.009946101329500539, 78010, 8435, 68883, 692, 0, 686, 'node_id= 975']
[0.0099513432372276, 86648, 9372, 76507, 769, 0, 730, 'node_id= 486']
[0.009964291340650107, 82948, 6776, 75413, 759, 0, 721, 'node_id= 282']
[0.00997527741045248, 78007, 8435, 68878, 694, 0, 688, 'node_id= 873']
[0.009998560416693931, 83184, 6773, 75647, 764, 0, 726, 'node_id= 48']
[0.010003105750815259, 86649, 9373, 76503, 773, 0, 735, 'node_id= 506']
[0.010028597678541388, 86649, 9370, 76504, 775, 0, 737, 'node_id= 147']
[0.01002898700760909, 86650, 9374, 76501, 775, 0, 736, 'node_id= 475']
[0.010035190066499859, 84085, 9348, 73987, 750, 0, 711, 'node_id= 758']
[0.010065352615416918, 82981, 6779, 75435, 767, 0, 728, 'node_id= 565']
[0.010080749521196749, 86648, 9372, 76497, 779, 0, 741, 'node_id= 510']
[0.010089831117499101, 78010, 8435, 68873, 702, 0, 696, 'node_id= 929']
[0.010093298308725527, 86650, 9371, 76499, 780, 0, 742, 'node_id= 280']
[0.01010649999352977, 86650, 9373, 76496, 781, 0, 742, 'node_id= 364']
[0.010132118686836009, 86648, 9369, 76496, 783, 0, 745, 'node_id= 193']
[0.010132658780918982, 78008, 8431, 68872, 705, 0, 699, 'node_id= 642']
[0.010145190092911307, 86650, 9372, 76494, 784, 0, 746, 'node_id= 291']
[0.010147323032698526, 78011, 8436, 68869, 706, 0, 701, 'node_id= 956']
[0.010157998938909665, 86649, 9370, 76494, 785, 0, 747, 'node_id= 178']
[0.010161549959756239, 78011, 8435, 68869, 707, 0, 701, 'node_id= 777']
[0.01017606899029824, 78011, 8436, 68867, 708, 0, 702, 'node_id= 935']
[0.010197215176768984, 86602, 9326, 76488, 788, 0, 749, 'node_id= 594']
[0.010209891560340589, 86650, 9372, 76489, 789, 0, 750, 'node_id= 302']
[0.010222964141982737, 86649, 9372, 76487, 790, 0, 751, 'node_id= 406']
[0.010247639306092531, 78011, 8434, 68864, 713, 0, 707, 'node_id= 707']
[0.010271460014673514, 77945, 8432, 68799, 714, 0, 709, 'node_id= 616']
[0.010274460073241114, 86650, 9371, 76485, 794, 0, 755, 'node_id= 175']
[0.010274858947150474, 86650, 9374, 76482, 794, 0, 755, 'node_id= 480']
[0.010276679841897233, 78011, 8436, 68860, 715, 0, 709, 'node_id= 969']
[0.010287400199277942, 86649, 9370, 76484, 795, 0, 756, 'node_id= 87']
[0.010287533321255727, 86649, 9371, 76483, 795, 0, 756, 'node_id= 301']
[0.01029090490973899, 78010, 8434, 68860, 716, 0, 711, 'node_id= 827']
[0.010300340325314768, 86646, 9367, 76483, 796, 0, 757, 'node_id= 258']
[0.010313280451351596, 86649, 9370, 76482, 797, 0, 758, 'node_id= 272']
[0.010326220577388424, 86650, 9371, 76481, 798, 0, 760, 'node_id= 182']
[0.010339294495199151, 86650, 9372, 76479, 799, 0, 760, 'node_id= 338']
[0.010348247265619386, 78005, 8428, 68857, 720, 0, 714, 'node_id= 683']
[0.010348544735896515, 78010, 8435, 68855, 720, 0, 714, 'node_id= 974']
[0.010352368751374925, 86649, 9372, 76477, 800, 0, 761, 'node_id= 459']
[0.010378249673253362, 86645, 9368, 76475, 802, 0, 763, 'node_id= 396']
[0.010391055669142576, 86643, 9365, 76475, 803, 0, 765, 'node_id= 289']
[0.010401081827598113, 77945, 8433, 68789, 723, 0, 717, 'node_id= 803']
[0.010405887087501437, 78010, 8434, 68852, 724, 0, 718, 'node_id= 766']
[0.010417071056071018, 86650, 9373, 76472, 805, 0, 766, 'node_id= 433']
[0.010430416440199809, 86649, 9375, 76468, 806, 0, 767, 'node_id= 864']
[0.010434482659499547, 78010, 8433, 68851, 726, 0, 720, 'node_id= 726']
[0.010442681711719873, 86648, 9369, 76472, 807, 0, 768, 'node_id= 242']
[0.010442951977949455, 86649, 9372, 76470, 807, 0, 768, 'node_id= 463']
[0.010456027744707283, 86649, 9373, 76468, 808, 0, 769, 'node_id= 526']
[0.010463227790792935, 77963, 8386, 68849, 728, 0, 722, 'node_id= 606']
[0.010463227790792935, 78010, 8433, 68849, 728, 0, 722, 'node_id= 657']
[0.01048177336076711, 86650, 9373, 76467, 810, 0, 771, 'node_id= 421']
[0.010481909001501113, 86649, 9373, 76466, 810, 0, 771, 'node_id= 501']
[0.010487246989771697, 77945, 8432, 68784, 729, 0, 724, 'node_id= 610']
[0.010494713821706329, 86650, 9373, 76466, 811, 0, 772, 'node_id= 469']
[0.01050738234190401, 86650, 9371, 76467, 812, 0, 773, 'node_id= 269']
[0.010549463184673097, 78005, 8428, 68843, 734, 0, 728, 'node_id= 716']
[0.010549614809704495, 78010, 8434, 68842, 734, 0, 728, 'node_id= 775']
[0.010572082972088148, 86648, 9369, 76462, 817, 0, 778, 'node_id= 236']
[0.010572082972088148, 86649, 9370, 76462, 817, 0, 779, 'node_id= 144']
[0.010572493400279518, 86648, 9372, 76459, 817, 0, 778, 'node_id= 561']
[0.010611040658402132, 86643, 9365, 76458, 820, 0, 781, 'node_id= 339']
[0.010621478670806025, 77965, 8389, 68837, 739, 0, 733, 'node_id= 851']
[0.010623980951887988, 86602, 9324, 76457, 821, 0, 783, 'node_id= 308']
[0.010650836543437014, 78006, 8434, 68831, 741, 0, 735, 'node_id= 899']
[0.010663077799057922, 86650, 9374, 76452, 824, 0, 785, 'node_id= 527']
[0.010675603980382769, 86650, 9371, 76454, 825, 0, 787, 'node_id= 76']
[0.010688959055851752, 86650, 9374, 76450, 826, 0, 788, 'node_id= 560']
[0.010740443593260695, 86602, 9324, 76448, 830, 0, 791, 'node_id= 337']
[0.01074634595465531, 77946, 8434, 68765, 747, 0, 741, 'node_id= 745']
[0.010753244736603735, 86648, 9369, 76448, 831, 0, 793, 'node_id= 225']
[0.010787154942770997, 76711, 8389, 67585, 737, 0, 731, 'node_id= 813']
[0.010793796800666887, 78011, 8434, 68826, 751, 0, 745, 'node_id= 729']
[0.010805005240751045, 86649, 9370, 76444, 835, 0, 796, 'node_id= 110']
[0.010805424711423987, 86649, 9373, 76441, 835, 0, 796, 'node_id= 587']
[0.0108308854928247, 86648, 9369, 76442, 837, 0, 799, 'node_id= 257']
[0.010831165806126013, 86650, 9373, 76440, 837, 0, 798, 'node_id= 418']
[0.010856765744898356, 86648, 9369, 76440, 839, 0, 800, 'node_id= 141']
[0.010856765744898356, 86650, 9371, 76440, 839, 0, 800, 'node_id= 148']
[0.010856765744898356, 86650, 9371, 76440, 839, 0, 801, 'node_id= 210']
[0.01085811627937218, 86272, 9371, 76066, 835, 0, 796, 'node_id= 322']
[0.010894404760193743, 78006, 8429, 68819, 758, 0, 752, 'node_id= 684']
[0.010908934115212142, 78010, 8434, 68817, 759, 0, 753, 'node_id= 816']
[0.010908934115212142, 78011, 8435, 68817, 759, 0, 753, 'node_id= 814']
[0.010921466375082494, 86648, 9369, 76435, 844, 0, 806, 'node_id= 263']
[0.010921466375082494, 86649, 9370, 76435, 844, 0, 806, 'node_id= 230']
[0.010947771623790051, 86602, 9326, 76430, 846, 0, 807, 'node_id= 589']
[0.010960144927536232, 86648, 9368, 76433, 847, 0, 809, 'node_id= 42']
[0.010960286753192976, 86649, 9370, 76432, 847, 0, 808, 'node_id= 199']
[0.010966425204093366, 77965, 8389, 68813, 763, 0, 757, 'node_id= 815']
[0.010973226879229804, 86647, 9368, 76431, 848, 0, 810, 'node_id= 74']
[0.01097351087645742, 86650, 9373, 76429, 848, 0, 809, 'node_id= 445']
[0.010980640154073905, 78011, 8434, 68813, 764, 0, 758, 'node_id= 674']
[0.010996807378503014, 49291, 4187, 44608, 496, 0, 490, 'node_id= 615']
[0.010999391798335856, 86603, 9326, 76427, 850, 0, 811, 'node_id= 363']
[0.011023757851013985, 78010, 8433, 68810, 767, 0, 761, 'node_id= 646']
[0.011024987383377115, 86650, 9371, 76427, 852, 0, 813, 'node_id= 270']
[0.011037927509413941, 86650, 9371, 76426, 853, 0, 815, 'node_id= 123']
[0.011038498867680362, 86647, 9372, 76422, 853, 0, 814, 'node_id= 446']
[0.011090118536156116, 86649, 9373, 76419, 857, 0, 818, 'node_id= 490']
[0.011095176010430247, 83475, 6775, 75849, 851, 0, 813, 'node_id= 191']
[0.011109993244894145, 78004, 8427, 68804, 773, 0, 767, 'node_id= 676']
[0.011115855946788825, 86649, 9372, 76418, 859, 0, 821, 'node_id= 410']
[0.011141304347826087, 86648, 9368, 76419, 861, 0, 823, 'node_id= 43']
[0.01115438864374539, 86646, 9367, 76417, 862, 0, 824, 'node_id= 120']
[0.011167328769782218, 86648, 9369, 76416, 863, 0, 825, 'node_id= 103']
[0.011167804527488322, 78009, 8434, 68798, 777, 0, 771, 'node_id= 938']
[0.011208653393948895, 83326, 6778, 75690, 858, 0, 819, 'node_id= 353']
[0.011219089273929528, 86647, 9368, 76412, 867, 0, 828, 'node_id= 241']
[0.01122092270510552, 77945, 8432, 68733, 780, 0, 774, 'node_id= 704']
[0.011245115039209089, 86650, 9372, 76409, 869, 0, 830, 'node_id= 312']
[0.01125776397515528, 86650, 9370, 76410, 870, 0, 832, 'node_id= 29']
[0.011282464032654468, 78011, 8434, 68792, 785, 0, 779, 'node_id= 718']
[0.011322756800124227, 86650, 9372, 76403, 875, 0, 836, 'node_id= 327']
[0.011374517974067652, 86650, 9372, 76399, 879, 0, 841, 'node_id= 305']
[0.011383071992181325, 78011, 8434, 68785, 792, 0, 786, 'node_id= 721']
[0.011387900355871887, 86650, 9375, 76395, 880, 0, 841, 'node_id= 741']
[0.011400251038445115, 86650, 9371, 76398, 881, 0, 843, 'node_id= 179']
[0.011400546087451635, 86650, 9373, 76396, 881, 0, 842, 'node_id= 453']
[0.011402990117408566, 79491, 8457, 70224, 810, 0, 805, 'node_id= 386']
[0.0114370387420696, 77945, 8434, 68716, 795, 0, 789, 'node_id= 922']
[0.011440562254768099, 78011, 8434, 68781, 796, 0, 791, 'node_id= 712']
[0.011469307386061486, 78009, 8432, 68779, 798, 0, 792, 'node_id= 670']
[0.011480197378832128, 77947, 8436, 68713, 798, 0, 792, 'node_id= 965']
[0.01148401006108516, 78011, 8436, 68776, 799, 0, 794, 'node_id= 940']
[0.011495764718261694, 84704, 8676, 75154, 874, 0, 836, 'node_id= 474']
[0.011503920908926215, 86649, 9371, 76389, 889, 0, 850, 'node_id= 321']
[0.011504218644857395, 86602, 9326, 76387, 889, 0, 850, 'node_id= 558']
[0.011513252457885356, 78006, 8434, 68771, 801, 0, 795, 'node_id= 880']
[0.011555383022774326, 86649, 9369, 76387, 893, 0, 855, 'node_id= 28']
[0.011555831618722258, 86643, 9366, 76384, 893, 0, 854, 'node_id= 460']
[0.011580734261710208, 77947, 8435, 68707, 805, 0, 799, 'node_id= 761']
[0.011587594933293763, 82590, 8459, 73272, 859, 0, 854, 'node_id= 59']
[0.011627405608175115, 78010, 8433, 68768, 809, 0, 803, 'node_id= 640']
[0.011642075706603798, 84719, 9217, 74623, 879, 0, 840, 'node_id= 296']
[0.01164656555722346, 86648, 9372, 76376, 900, 0, 862, 'node_id= 599']
[0.011656150739468503, 78010, 8433, 68766, 811, 0, 805, 'node_id= 632']
[0.011676478833753855, 79798, 8458, 70507, 833, 0, 827, 'node_id= 303']
[0.011713641002055276, 78011, 8434, 68762, 815, 0, 809, 'node_id= 699']
[0.011724209327604948, 86650, 9374, 76370, 906, 0, 867, 'node_id= 724']
[0.011728013567701971, 78010, 8433, 68761, 816, 0, 810, 'node_id= 691']
[0.011736542443064182, 86648, 9368, 76373, 907, 0, 869, 'node_id= 51']
[0.011742386133348664, 78010, 8433, 68760, 817, 0, 811, 'node_id= 636']
[0.011747258322600788, 83645, 6776, 75966, 903, 0, 865, 'node_id= 176']
[0.011762574567476288, 86648, 9369, 76370, 909, 0, 871, 'node_id= 69']
[0.011762878993749757, 86650, 9373, 76368, 909, 0, 870, 'node_id= 438']
[0.011775514693513114, 86648, 9369, 76369, 910, 0, 872, 'node_id= 185']
[0.011781968840360795, 77945, 8432, 68694, 819, 0, 813, 'node_id= 680']
[0.011788454819549942, 86649, 9370, 76368, 911, 0, 873, 'node_id= 165']
[0.01180139494558677, 86649, 9370, 76367, 912, 0, 874, 'node_id= 111']
[0.011801700376567413, 86649, 9372, 76365, 912, 0, 874, 'node_id= 426']
[0.01182758129844585, 86650, 9373, 76363, 914, 0, 875, 'node_id= 381']
[0.011828621527228826, 78010, 8433, 68754, 823, 0, 817, 'node_id= 690']
[0.011866556239971012, 86649, 9373, 76359, 917, 0, 878, 'node_id= 575']
[0.011879035701807735, 86649, 9370, 76361, 918, 0, 880, 'node_id= 167']
[0.011883911123977709, 77517, 8432, 68264, 821, 0, 815, 'node_id= 366']
[0.011886453467481135, 78011, 8436, 68748, 827, 0, 821, 'node_id= 904']
[0.011892129713501903, 86648, 9370, 76359, 919, 0, 880, 'node_id= 346']
[0.011929572403880704, 78008, 8433, 68745, 830, 0, 824, 'node_id= 954']
[0.011944045446898819, 86645, 9368, 76354, 923, 0, 884, 'node_id= 393']
[0.011955038658956533, 86330, 9375, 76035, 920, 0, 881, 'node_id= 939']
[0.011982711767902896, 86649, 9371, 76352, 926, 0, 887, 'node_id= 300']
[0.011995496836139184, 86649, 9370, 76352, 927, 0, 889, 'node_id= 183']
[0.011995962523940163, 86650, 9374, 76349, 927, 0, 888, 'node_id= 579']
[0.012001092314989149, 78010, 8433, 68742, 835, 0, 829, 'node_id= 624']
[0.012012141613798858, 77946, 8433, 68678, 835, 0, 829, 'node_id= 722']
[0.012047569134412567, 86648, 9371, 76346, 931, 0, 892, 'node_id= 361']
[0.012052666594464129, 73055, 8422, 63854, 779, 0, 773, 'node_id= 874']
[0.012060197466323322, 86649, 9370, 76347, 932, 0, 893, 'node_id= 149']
[0.012060197466323322, 86649, 9370, 76347, 932, 0, 894, 'node_id= 171']
[0.012086077718396978, 86649, 9370, 76345, 934, 0, 895, 'node_id= 162']
[0.012086077718396978, 86650, 9371, 76345, 934, 0, 896, 'node_id= 173']
[0.012086546922718567, 86650, 9374, 76342, 934, 0, 896, 'node_id= 511']
[0.012088196400850917, 78008, 8436, 68731, 841, 0, 835, 'node_id= 885']
[0.012099017844433804, 86648, 9369, 76344, 935, 0, 897, 'node_id= 55']
[0.01210204814947898, 78009, 8434, 68733, 842, 0, 837, 'node_id= 953']
[0.012144992526158445, 78011, 8435, 68731, 845, 0, 839, 'node_id= 791']
[0.012155999597197646, 77947, 8434, 68668, 845, 0, 839, 'node_id= 660']
[0.012176501035196687, 86649, 9369, 76339, 941, 0, 903, 'node_id= 41']
[0.012189598726691599, 86650, 9371, 76337, 942, 0, 903, 'node_id= 197']
[0.012215478978765253, 86648, 9369, 76335, 944, 0, 906, 'node_id= 68']
[0.012228735587561629, 86650, 9373, 76332, 945, 0, 907, 'node_id= 352']
[0.012254616509440066, 86646, 9369, 76330, 947, 0, 909, 'node_id= 394']
[0.01228854362792302, 78007, 8430, 68722, 855, 0, 849, 'node_id= 735']
[0.012306537605466121, 86649, 9373, 76325, 951, 0, 912, 'node_id= 577']
[0.012319318814136159, 86649, 9372, 76325, 952, 0, 914, 'node_id= 449']
[0.012331940113096702, 86648, 9369, 76326, 953, 0, 915, 'node_id= 198']
[0.012345199736014598, 86649, 9372, 76323, 954, 0, 916, 'node_id= 382']
[0.01238652875084519, 77945, 8434, 68650, 861, 0, 855, 'node_id= 947']
[0.012400736563471055, 77946, 8434, 68650, 862, 0, 856, 'node_id= 843']
[0.01241006263264144, 86645, 9369, 76317, 959, 0, 920, 'node_id= 687']
[0.012433162766630253, 78007, 8435, 68707, 865, 0, 859, 'node_id= 897']
[0.012435782962589128, 86650, 9373, 76316, 961, 0, 922, 'node_id= 432']
[0.012474281499501805, 86649, 9370, 76315, 964, 0, 925, 'node_id= 121']
[0.01250016175157546, 86643, 9364, 76313, 966, 0, 928, 'node_id= 232']
[0.012504311831666092, 78010, 8434, 68706, 870, 0, 864, 'node_id= 799']
[0.012525879917184264, 86648, 9368, 76312, 968, 0, 930, 'node_id= 40']
[0.012528168258396824, 83918, 9366, 73618, 934, 0, 928, 'node_id= 17']
[0.012532877243916812, 78010, 8433, 68705, 872, 0, 866, 'node_id= 641']
[0.012551922255722771, 86646, 9367, 76309, 970, 0, 932, 'node_id= 134']
[0.012573368626999655, 77899, 8387, 68638, 874, 0, 868, 'node_id= 760']
[0.012575994940856892, 78011, 8434, 68702, 875, 0, 869, 'node_id= 621']
[0.01260400895479897, 86615, 9338, 76303, 974, 0, 935, 'node_id= 388']
[0.012604172058595165, 86648, 9372, 76302, 974, 0, 935, 'node_id= 551']
[0.012616526642881805, 77945, 8433, 68635, 877, 0, 871, 'node_id= 744']
[0.012633666781648845, 78010, 8434, 68697, 879, 0, 873, 'node_id= 795']
[0.012647857769090361, 78010, 8433, 68697, 880, 0, 874, 'node_id= 603']
[0.012655443264017392, 86643, 9364, 76301, 978, 0, 940, 'node_id= 131']
[0.012655443264017392, 86647, 9368, 76301, 978, 0, 940, 'node_id= 64']
[0.012655934572182826, 86649, 9373, 76298, 978, 0, 939, 'node_id= 591']
[0.012676602900383747, 77962, 8385, 68695, 882, 0, 877, 'node_id= 734']
[0.012690975466030442, 78009, 8432, 68694, 883, 0, 877, 'node_id= 700']
[0.012717045732452923, 77946, 8433, 68629, 884, 0, 878, 'node_id= 619']
[0.012733084020238357, 86649, 9370, 76295, 984, 0, 946, 'node_id= 201']
[0.012746354025130375, 86650, 9373, 76292, 985, 0, 946, 'node_id= 447']
[0.012748465728617216, 78008, 8431, 68690, 887, 0, 881, 'node_id= 677']
[0.01279195113187208, 78010, 8435, 68685, 890, 0, 884, 'node_id= 950']
[0.012797784650422495, 86650, 9371, 76290, 989, 0, 951, 'node_id= 202']
[0.012822847036179676, 83667, 6773, 75908, 986, 0, 948, 'node_id= 95']
[0.012823664902496151, 86649, 9370, 76288, 991, 0, 953, 'node_id= 133']
[0.012878744322428564, 78008, 8436, 68676, 896, 0, 890, 'node_id= 887']
[0.012888865883327294, 86648, 9372, 76280, 996, 0, 957, 'node_id= 533']
[0.01290197347136849, 86649, 9374, 76278, 997, 0, 958, 'node_id= 819']
[0.012915081398659316, 86649, 9375, 76276, 998, 0, 959, 'node_id= 915']
[0.012954456535914564, 77444, 8433, 68117, 894, 0, 888, 'node_id= 665']
[0.012978426778964313, 78010, 8433, 68674, 903, 0, 897, 'node_id= 643']
[0.013004826667011736, 86650, 9371, 76274, 1005, 0, 967, 'node_id= 164']
[0.013011345893619236, 86228, 9372, 75856, 1000, 0, 961, 'node_id= 356']
[0.013018103704853966, 86650, 9373, 76271, 1006, 0, 968, 'node_id= 374']
[0.013019147497590379, 77945, 8432, 68608, 905, 0, 899, 'node_id= 613']
[0.013019334791115203, 77947, 8435, 68607, 905, 0, 899, 'node_id= 807']
[0.013047919094270137, 77945, 8432, 68606, 907, 0, 902, 'node_id= 740']
[0.01308297530928102, 86602, 9326, 76265, 1011, 0, 972, 'node_id= 598']
[0.013083144613393724, 86649, 9374, 76264, 1011, 0, 972, 'node_id= 800']
[0.013134227927380013, 86651, 9372, 76264, 1015, 0, 977, 'node_id= 221']
[0.013139408860403816, 84085, 9348, 73755, 982, 0, 943, 'node_id= 750']
[0.013160108179453667, 86648, 9369, 76262, 1017, 0, 979, 'node_id= 140']
[0.013173048305490495, 86643, 9364, 76261, 1018, 0, 980, 'node_id= 274']
[0.013173048305490495, 86647, 9368, 76261, 1018, 0, 979, 'node_id= 223']
[0.013186159062087529, 86643, 9365, 76259, 1019, 0, 980, 'node_id= 328']
[0.01318632969706381, 86650, 9373, 76258, 1019, 0, 980, 'node_id= 362']
[0.013211868683600978, 86648, 9369, 76258, 1021, 0, 982, 'node_id= 136']
[0.013225151079881465, 86615, 9338, 76255, 1022, 0, 983, 'node_id= 391']
[0.013225151079881465, 86643, 9366, 76255, 1022, 0, 983, 'node_id= 417']
[0.01323732321490169, 78010, 8434, 68655, 921, 0, 915, 'node_id= 838']
[0.013250860529516809, 86649, 9371, 76254, 1024, 0, 985, 'node_id= 295']
[0.013256693830034924, 77145, 8425, 67809, 911, 0, 906, 'node_id= 638']
[0.013265878091898185, 78010, 8433, 68654, 923, 0, 918, 'node_id= 668']
[0.013266068759342301, 78011, 8435, 68653, 923, 0, 917, 'node_id= 828']
[0.013276569313785116, 86650, 9371, 76253, 1026, 0, 988, 'node_id= 132']
[0.013289337474120083, 86649, 9369, 76253, 1027, 0, 989, 'node_id= 37']
[0.013302793845516777, 86645, 9368, 76249, 1028, 0, 990, 'node_id= 434']
[0.013306863464387956, 77944, 8431, 68588, 925, 0, 919, 'node_id= 708']
[0.013328502290431947, 86643, 9365, 76248, 1030, 0, 991, 'node_id= 299']
[0.013352497305066475, 77679, 8104, 68646, 929, 0, 923, 'node_id= 857']
[0.013412343223382507, 80831, 8435, 71425, 971, 0, 932, 'node_id= 835']
[0.013444616977225673, 86648, 9368, 76241, 1039, 0, 1001, 'node_id= 31']
[0.013444790952263875, 86649, 9370, 76240, 1039, 0, 1001, 'node_id= 265']
[0.013445312904394638, 86649, 9373, 76237, 1039, 0, 1000, 'node_id= 489']
[0.013445312904394638, 86649, 9373, 76237, 1039, 0, 1000, 'node_id= 557']
[0.01345790522529051, 86649, 9371, 76238, 1040, 0, 1002, 'node_id= 293']
[0.013458253532791552, 86602, 9326, 76236, 1040, 0, 1001, 'node_id= 538']
[0.013465300955230752, 77944, 8432, 68576, 936, 0, 930, 'node_id= 765']
[0.013509841220544275, 86649, 9372, 76233, 1044, 0, 1006, 'node_id= 355']
[0.013522256728778468, 86649, 9369, 76235, 1045, 0, 1007, 'node_id= 33']
[0.013548311960558496, 86650, 9371, 76232, 1047, 0, 1009, 'node_id= 177']
[0.013548837931569958, 86650, 9374, 76229, 1047, 0, 1008, 'node_id= 592']
[0.013574719188363787, 86645, 9369, 76227, 1049, 0, 1010, 'node_id= 736']
[0.013574719188363787, 86650, 9374, 76227, 1049, 0, 1011, 'node_id= 488']
[0.013600952454900743, 86650, 9376, 76223, 1051, 0, 1012, 'node_id= 908']
[0.01362595271677946, 86649, 9370, 76226, 1053, 0, 1015, 'node_id= 117']
[0.01362612904060664, 86649, 9371, 76225, 1053, 0, 1015, 'node_id= 329']
[0.01362612904060664, 86649, 9371, 76225, 1053, 0, 1015, 'node_id= 349']
[0.013639760837070254, 78010, 8434, 68627, 949, 0, 943, 'node_id= 833']
[0.013639760837070254, 78011, 8435, 68627, 949, 0, 943, 'node_id= 780']
[0.013640545046857931, 78007, 8435, 68623, 949, 0, 943, 'node_id= 898']
[0.0136424070755535, 75034, 5838, 68252, 944, 0, 938, 'node_id= 796']
[0.013652186290875681, 86649, 9372, 76222, 1055, 0, 1016, 'node_id= 409']
[0.013678244215539107, 86650, 9374, 76219, 1057, 0, 1018, 'node_id= 556']
[0.013691184843936022, 86649, 9373, 76218, 1058, 0, 1019, 'node_id= 553']
[0.013730006729126767, 86650, 9374, 76215, 1061, 0, 1022, 'node_id= 569']
[0.013753218914991872, 77948, 8437, 68555, 956, 0, 950, 'node_id= 924']
[0.013755175983436852, 86649, 9369, 76217, 1063, 0, 1025, 'node_id= 52']
[0.013755353977147737, 86648, 9369, 76216, 1063, 0, 1025, 'node_id= 203']
[0.013755887985920597, 86648, 9372, 76213, 1063, 0, 1024, 'node_id= 562']
[0.013756244014804462, 86649, 9375, 76211, 1063, 0, 1024, 'node_id= 882']
[0.013768294103184565, 86649, 9370, 76215, 1064, 0, 1026, 'node_id= 253']
[0.013781590900267867, 86649, 9372, 76212, 1065, 0, 1026, 'node_id= 420']
[0.013794531361207086, 86650, 9373, 76211, 1066, 0, 1028, 'node_id= 365']
[0.013806935817805384, 86648, 9368, 76213, 1067, 0, 1029, 'node_id= 20']
[0.013821880297300821, 78376, 9355, 68067, 954, 0, 917, 'node_id= 220']
[0.01384575569358178, 86647, 9367, 76210, 1070, 0, 1032, 'node_id= 46']
[0.01384593485940553, 86648, 9369, 76209, 1070, 0, 1032, 'node_id= 278']
[0.013885294269889745, 86648, 9372, 76203, 1073, 0, 1034, 'node_id= 563']
[0.013898234898286661, 86642, 9366, 76202, 1074, 0, 1036, 'node_id= 515']
[0.013910635489589668, 86650, 9371, 76204, 1075, 0, 1037, 'node_id= 277']
[0.013914916849887117, 76185, 8416, 66826, 943, 0, 938, 'node_id= 397']
[0.013937056783477406, 86650, 9374, 76199, 1077, 0, 1038, 'node_id= 559']
[0.013975336119773807, 86650, 9371, 76199, 1080, 0, 1041, 'node_id= 192']
[0.013983398311058682, 77945, 8434, 68539, 972, 0, 966, 'node_id= 901']
[0.01398664230734673, 75196, 8418, 65844, 934, 0, 928, 'node_id= 936']
[0.013997381784702142, 77947, 8434, 68540, 973, 0, 967, 'node_id= 612']
[0.013999039566932, 77142, 8423, 67757, 962, 0, 957, 'node_id= 255']
[0.01401506328131066, 86649, 9375, 76191, 1083, 0, 1044, 'node_id= 913']
[0.014053158725639897, 86648, 9370, 76192, 1086, 0, 1048, 'node_id= 273']
[0.0140659170020316, 86649, 9370, 76192, 1087, 0, 1049, 'node_id= 78']
[0.014091797254105256, 86649, 9370, 76190, 1089, 0, 1051, 'node_id= 105']
[0.01411767750617891, 86650, 9371, 76188, 1091, 0, 1053, 'node_id= 217']
[0.014118042884687553, 86649, 9372, 76186, 1091, 0, 1053, 'node_id= 473']
[0.014130617632215738, 86647, 9368, 76187, 1092, 0, 1053, 'node_id= 125']
[0.014130983345626772, 86649, 9372, 76185, 1092, 0, 1053, 'node_id= 368']
[0.01415704746622496, 86649, 9373, 76182, 1094, 0, 1055, 'node_id= 564']
[0.01417134972763988, 78010, 8433, 68591, 986, 0, 981, 'node_id= 728']
[0.014182745189383646, 86650, 9373, 76181, 1096, 0, 1057, 'node_id= 437']
[0.014186130075458138, 78010, 8435, 68588, 987, 0, 981, 'node_id= 900']
[0.01422119851447353, 86602, 9323, 76180, 1099, 0, 1061, 'node_id= 168']
[0.014254835200542503, 79241, 8458, 69774, 1009, 0, 1003, 'node_id= 404']
[0.014257585121520042, 78010, 8433, 68585, 992, 0, 986, 'node_id= 689']
[0.014260387955018957, 86645, 9368, 76175, 1102, 0, 1063, 'node_id= 372']
[0.014264686203666534, 84078, 9348, 73664, 1066, 0, 1027, 'node_id= 831']
[0.014272959018620841, 86649, 9370, 76176, 1103, 0, 1065, 'node_id= 130']
[0.01428633025281343, 78006, 8429, 68583, 994, 0, 988, 'node_id= 672']
[0.014358399448085547, 77965, 8389, 68577, 999, 0, 993, 'node_id= 846']
[0.014415300405025946, 86650, 9371, 76165, 1114, 0, 1076, 'node_id= 128']
[0.014428240531062772, 86649, 9370, 76164, 1115, 0, 1077, 'node_id= 245']
[0.014430263309187076, 78010, 8434, 68572, 1004, 0, 998, 'node_id= 774']
[0.014441554408168019, 86642, 9365, 76161, 1116, 0, 1078, 'node_id= 373']
[0.014454120783136428, 86649, 9370, 76162, 1117, 0, 1078, 'node_id= 137']
[0.014532325689735493, 86649, 9373, 76153, 1123, 0, 1084, 'node_id= 659']
[0.014557641791431049, 86649, 9370, 76154, 1125, 0, 1087, 'node_id= 174']
[0.014609213250517599, 86649, 9369, 76151, 1129, 0, 1091, 'node_id= 24']
[0.01460940229557836, 86648, 9369, 76150, 1129, 0, 1091, 'node_id= 109']
[0.014649170484250847, 86649, 9375, 76142, 1132, 0, 1093, 'node_id= 923']
[0.014661731973704644, 84508, 7232, 76143, 1133, 0, 1094, 'node_id= 541']
[0.01466950219174515, 77335, 8212, 68109, 1014, 0, 1008, 'node_id= 829']
[0.014688358116159785, 86575, 9371, 76070, 1134, 0, 1095, 'node_id= 354']
[0.014751934573876135, 86643, 9365, 76138, 1140, 0, 1101, 'node_id= 317']
[0.014765639154178637, 86650, 9376, 76133, 1141, 0, 1102, 'node_id= 907']
[0.014778197629276877, 86649, 9373, 76134, 1142, 0, 1103, 'node_id= 701']
[0.014804168163851958, 78010, 8435, 68545, 1030, 0, 1024, 'node_id= 856']
[0.014842324564241255, 86640, 9361, 76132, 1147, 0, 1108, 'node_id= 143']
[0.01487603305785124, 78008, 8433, 68540, 1035, 0, 1029, 'node_id= 858']
[0.014894085068388565, 86649, 9370, 76128, 1151, 0, 1113, 'node_id= 71']
[0.014946425798436773, 86648, 9372, 76121, 1155, 0, 1116, 'node_id= 666']
[0.014947468272561335, 78009, 8432, 68537, 1040, 0, 1034, 'node_id= 678']
[0.014985247683627518, 86645, 9369, 76118, 1158, 0, 1119, 'node_id= 629']
[0.01499101688825009, 78011, 8436, 68532, 1043, 0, 1037, 'node_id= 859']
[0.01504807623208819, 77957, 8380, 68530, 1047, 0, 1041, 'node_id= 715']
[0.015075246832904152, 86649, 9370, 76114, 1165, 0, 1126, 'node_id= 228']
[0.015075832082405921, 86602, 9326, 76111, 1165, 0, 1126, 'node_id= 623']
[0.015088577455128952, 86649, 9372, 76111, 1166, 0, 1127, 'node_id= 379']
[0.015101127084977808, 86647, 9368, 76112, 1167, 0, 1129, 'node_id= 261']
[0.01513994746308829, 86649, 9370, 76109, 1170, 0, 1132, 'node_id= 96']
[0.015166416481184327, 86647, 9371, 76104, 1172, 0, 1133, 'node_id= 578']
[0.015191801888555127, 77963, 8386, 68520, 1057, 0, 1051, 'node_id= 697']
[0.015234919585495207, 78006, 8429, 68517, 1060, 0, 1054, 'node_id= 696']
[0.015257000879962731, 86649, 9373, 76097, 1179, 0, 1140, 'node_id= 664']
[0.015283079909414429, 86648, 9373, 76094, 1181, 0, 1142, 'node_id= 842']
[0.015308961501132319, 86602, 9327, 76092, 1183, 0, 1144, 'node_id= 778']
[0.015344376634699215, 83922, 9367, 73411, 1144, 0, 1139, 'node_id= 8']
[0.015346989479677532, 86642, 9363, 76093, 1186, 0, 1148, 'node_id= 84']
[0.01537702013968549, 78230, 9361, 67810, 1059, 0, 1021, 'node_id= 951']
[0.01538640716393188, 86649, 9373, 76087, 1189, 0, 1151, 'node_id= 614']
[0.015465325188645346, 78011, 8436, 68499, 1076, 0, 1070, 'node_id= 911']
[0.015476390740045807, 86649, 9370, 76083, 1196, 0, 1158, 'node_id= 122']
[0.015502872819504115, 86649, 9373, 76078, 1198, 0, 1159, 'node_id= 568']
[0.015503775227748248, 83725, 6776, 75756, 1193, 0, 1155, 'node_id= 89']
[0.01556994181758584, 79992, 6774, 72078, 1140, 0, 1134, 'node_id= 16']
[0.015632076814576134, 86648, 9371, 76069, 1208, 0, 1170, 'node_id= 456']
[0.015651948947913073, 78011, 8435, 68487, 1089, 0, 1083, 'node_id= 834']
[0.015657552504561394, 86649, 9370, 76069, 1210, 0, 1171, 'node_id= 72']
[0.015657755117886075, 86602, 9324, 76068, 1210, 0, 1171, 'node_id= 345']
[0.01567369505404947, 86050, 9361, 75487, 1202, 0, 1164, 'node_id= 82']
[0.01568343275663505, 86649, 9370, 76067, 1212, 0, 1173, 'node_id= 155']
[0.015747929606625258, 86649, 9369, 76063, 1217, 0, 1179, 'node_id= 35']
[0.015748337172287068, 86649, 9371, 76061, 1217, 0, 1178, 'node_id= 335']
[0.01581262939958592, 86648, 9368, 76058, 1222, 0, 1184, 'node_id= 25']
[0.01583891922668806, 86649, 9371, 76054, 1224, 0, 1186, 'node_id= 292']
[0.01586500511148207, 86649, 9372, 76051, 1226, 0, 1187, 'node_id= 440']
[0.015878356518925912, 86650, 9375, 76048, 1227, 0, 1188, 'node_id= 785']
[0.015903209109730847, 86648, 9368, 76051, 1229, 0, 1191, 'node_id= 26']
[0.015903414899261118, 86648, 9369, 76050, 1229, 0, 1191, 'node_id= 214']
[0.01590403229980848, 86649, 9373, 76047, 1229, 0, 1191, 'node_id= 639']
[0.015917324939122172, 75767, 8419, 66276, 1072, 0, 1066, 'node_id= 798']
[0.015925031620098885, 78004, 8428, 68468, 1108, 0, 1102, 'node_id= 836']
[0.01594244157457491, 86649, 9371, 76046, 1232, 0, 1193, 'node_id= 320']
[0.015955794813396137, 86648, 9372, 76043, 1233, 0, 1194, 'node_id= 631']
[0.015968115529445256, 86648, 9369, 76045, 1234, 0, 1196, 'node_id= 254']
[0.015981055655482083, 86646, 9367, 76044, 1235, 0, 1197, 'node_id= 63']
[0.01599424513285172, 73755, 8419, 64291, 1045, 0, 1039, 'node_id= 626']
[0.015994616698586882, 86649, 9373, 76040, 1236, 0, 1197, 'node_id= 656']
[0.016046987256804236, 85650, 9374, 75052, 1224, 0, 1185, 'node_id= 597']
[0.016175785496143694, 86650, 9374, 76026, 1250, 0, 1211, 'node_id= 608']
[0.016193854975323028, 83160, 6773, 75150, 1237, 0, 1198, 'node_id= 75']
[0.01620166675293752, 86602, 9326, 76024, 1252, 0, 1213, 'node_id= 604']
[0.016239858176218636, 86646, 9367, 76024, 1255, 0, 1217, 'node_id= 276']
[0.016252798302255463, 86473, 9194, 76023, 1256, 0, 1217, 'node_id= 112']
[0.016265738428292292, 86649, 9370, 76022, 1257, 0, 1219, 'node_id= 77']
[0.01627931052331901, 86650, 9374, 76018, 1258, 0, 1219, 'node_id= 611']
[0.016327703916636724, 78007, 8432, 68439, 1136, 0, 1130, 'node_id= 978']
[0.016408504470929255, 86650, 9373, 76009, 1268, 0, 1229, 'node_id= 377']
[0.01642101994073422, 86649, 9370, 76010, 1269, 0, 1231, 'node_id= 234']
[0.016434385392807692, 86650, 9373, 76007, 1270, 0, 1232, 'node_id= 436']
[0.01644775153671951, 86650, 9375, 76004, 1271, 0, 1232, 'node_id= 773']
[0.01646026631468613, 86650, 9373, 76005, 1272, 0, 1234, 'node_id= 413']
[0.01646090534979424, 86649, 9375, 76002, 1272, 0, 1233, 'node_id= 888']
[0.016486147236564566, 86650, 9373, 76003, 1274, 0, 1236, 'node_id= 378']
[0.01658924157921298, 86649, 9370, 75997, 1282, 0, 1243, 'node_id= 244']
[0.016628061957323463, 86649, 9370, 75994, 1285, 0, 1247, 'node_id= 227']
[0.016629137873023267, 86649, 9375, 75989, 1285, 0, 1246, 'node_id= 931']
[0.016629536471433705, 77965, 8390, 68418, 1157, 0, 1151, 'node_id= 914']
[0.016654588746829548, 86650, 9374, 75989, 1287, 0, 1248, 'node_id= 681']
[0.01670570271354443, 86642, 9363, 75988, 1291, 0, 1252, 'node_id= 260']
[0.01671950824975736, 86649, 9374, 75983, 1292, 0, 1253, 'node_id= 808']
[0.016731582965618084, 86649, 9370, 75986, 1293, 0, 1255, 'node_id= 161']
[0.016835757544386355, 86647, 9371, 75975, 1301, 0, 1262, 'node_id= 602']
[0.01684869817278327, 86649, 9373, 75974, 1302, 0, 1263, 'node_id= 694']
[0.016912744730133673, 86650, 9371, 75972, 1307, 0, 1268, 'node_id= 235']
[0.016945254897451745, 78010, 8433, 68398, 1179, 0, 1173, 'node_id= 685']
[0.016991045085149335, 86649, 9373, 75963, 1313, 0, 1275, 'node_id= 513']
[0.016991484846131947, 86650, 9376, 75961, 1313, 0, 1274, 'node_id= 883']
[0.017055086116538776, 86648, 9369, 75961, 1318, 0, 1280, 'node_id= 231']
[0.017055748227133908, 86648, 9372, 75958, 1318, 0, 1279, 'node_id= 655']
[0.017060235422625292, 78006, 8429, 68390, 1187, 0, 1181, 'node_id= 732']
[0.017081187401330262, 86648, 9370, 75958, 1320, 0, 1281, 'node_id= 297']
[0.01708185053380783, 86650, 9375, 75955, 1320, 0, 1281, 'node_id= 763']
[0.017098738639203463, 84660, 8631, 74729, 1300, 0, 1261, 'node_id= 634']
[0.017120894479385047, 86564, 9290, 75951, 1323, 0, 1284, 'node_id= 933']
[0.01713272687275974, 86649, 9370, 75955, 1324, 0, 1285, 'node_id= 180']
[0.017146332625912315, 86649, 9373, 75951, 1325, 0, 1287, 'node_id= 534']
[0.017172658332686285, 86649, 9375, 75947, 1327, 0, 1288, 'node_id= 941']
[0.01719742750294388, 86602, 9323, 75950, 1329, 0, 1290, 'node_id= 91']
[0.017198095139499974, 86648, 9372, 75947, 1329, 0, 1291, 'node_id= 509']
[0.017202681764867722, 77494, 8435, 67871, 1188, 0, 1183, 'node_id= 909']
[0.017291439084689244, 78007, 8435, 68369, 1203, 0, 1197, 'node_id= 889']
[0.017392429634422515, 86644, 9369, 75931, 1344, 0, 1305, 'node_id= 675']
[0.01741786042418831, 86648, 9371, 75931, 1346, 0, 1308, 'node_id= 455']
[0.017418085822247527, 86649, 9373, 75930, 1346, 0, 1307, 'node_id= 492']
[0.017545384737978297, 78378, 9357, 67810, 1211, 0, 1173, 'node_id= 266']
[0.017573373363010507, 86602, 9326, 75918, 1358, 0, 1319, 'node_id= 601']
[0.017597746630004695, 83925, 9370, 73243, 1312, 0, 1307, 'node_id= 14']
[0.01761128364389234, 86649, 9369, 75919, 1361, 0, 1323, 'node_id= 23']
[0.01761151153612236, 86648, 9369, 75918, 1361, 0, 1323, 'node_id= 238']
[0.017638533012397442, 86604, 9330, 75911, 1363, 0, 1324, 'node_id= 960']
[0.017663272040269674, 86649, 9370, 75914, 1365, 0, 1327, 'node_id= 160']
[0.01774091279649064, 86644, 9365, 75908, 1371, 0, 1333, 'node_id= 275']
[0.017767482788964232, 86649, 9373, 75903, 1373, 0, 1334, 'node_id= 630']
[0.01780607425236487, 86650, 9373, 75901, 1376, 0, 1337, 'node_id= 423']
[0.017824260559327884, 77901, 8389, 68273, 1239, 0, 1233, 'node_id= 820']
[0.017845126559345722, 86650, 9374, 75897, 1379, 0, 1340, 'node_id= 552']
[0.017867161538129558, 77939, 8426, 68271, 1242, 0, 1236, 'node_id= 667']
[0.017883948444536467, 86650, 9374, 75894, 1382, 0, 1344, 'node_id= 644']
[0.01790959793987862, 86649, 9372, 75893, 1384, 0, 1346, 'node_id= 357']
[0.01794795481307988, 86647, 9368, 75892, 1387, 0, 1349, 'node_id= 81']
[0.017953992893211146, 77946, 8435, 68263, 1248, 0, 1242, 'node_id= 905']
[0.017974998058855503, 86648, 9374, 75885, 1389, 0, 1350, 'node_id= 891']
[0.018012655443264018, 86648, 9369, 75887, 1392, 0, 1354, 'node_id= 56']
[0.018025828825797768, 86650, 9372, 75885, 1393, 0, 1354, 'node_id= 318']
[0.018025923954482024, 77947, 8436, 68258, 1253, 0, 1247, 'node_id= 968']
[0.018041652621242545, 76622, 8391, 67000, 1231, 0, 1225, 'node_id= 852']
[0.01804285714285714, 78892, 8892, 68737, 1263, 0, 1224, 'node_id= 647']
[0.01805241022322873, 86650, 9375, 75880, 1395, 0, 1356, 'node_id= 830']
[0.018064415947411327, 86649, 9370, 75883, 1396, 0, 1358, 'node_id= 233']
[0.018064649706255338, 86650, 9372, 75882, 1396, 0, 1358, 'node_id= 290']
[0.01811617645155864, 86649, 9370, 75879, 1400, 0, 1362, 'node_id= 163']
[0.018241566628663403, 83920, 9365, 73195, 1360, 0, 1355, 'node_id= 7']
[0.018298048553237745, 86649, 9373, 75862, 1414, 0, 1375, 'node_id= 620']
[0.018353766330827716, 77962, 8385, 68300, 1277, 0, 1271, 'node_id= 654']
[0.01836813889647441, 78005, 8428, 68299, 1278, 0, 1272, 'node_id= 692']
[0.01839882628177168, 85023, 9366, 74265, 1392, 0, 1354, 'node_id= 27']
[0.01841379935040567, 86649, 9370, 75856, 1423, 0, 1384, 'node_id= 172']
[0.018440531800215595, 78010, 8435, 68292, 1283, 0, 1277, 'node_id= 979']
[0.018484447766342782, 78007, 8435, 68286, 1286, 0, 1280, 'node_id= 895']
[0.01859496111492126, 86650, 9371, 75842, 1437, 0, 1399, 'node_id= 154']
[0.018608864445163378, 86649, 9374, 75837, 1438, 0, 1399, 'node_id= 847']
[0.018641753503413582, 78009, 8434, 68278, 1297, 0, 1291, 'node_id= 919']
[0.018711906518110177, 86648, 9371, 75831, 1446, 0, 1407, 'node_id= 403']
[0.018737544967519865, 86649, 9371, 75830, 1448, 0, 1410, 'node_id= 333']
[0.018777337785024717, 86650, 9376, 75823, 1451, 0, 1412, 'node_id= 973']
[0.018892828489350137, 86649, 9371, 75818, 1460, 0, 1421, 'node_id= 285']
[0.018893806454952505, 86648, 9374, 75814, 1460, 0, 1421, 'node_id= 884']
[0.018945570308253747, 86650, 9376, 75810, 1464, 0, 1425, 'node_id= 971']
[0.018983164896026087, 86649, 9370, 75812, 1467, 0, 1428, 'node_id= 88']
[0.01899684248667115, 86646, 9370, 75808, 1468, 0, 1430, 'node_id= 714']
[0.0190349254001734, 86650, 9371, 75808, 1471, 0, 1433, 'node_id= 98']
[0.019048605000258814, 86602, 9326, 75804, 1472, 0, 1433, 'node_id= 652']
[0.01916507065583105, 86650, 9374, 75795, 1481, 0, 1442, 'node_id= 586']
[0.019165318667098027, 86650, 9375, 75794, 1481, 0, 1442, 'node_id= 825']
[0.019204389574759947, 86648, 9374, 75790, 1484, 0, 1445, 'node_id= 916']
[0.01922902729072581, 86649, 9370, 75793, 1486, 0, 1447, 'node_id= 152']
[0.01923104563420769, 78010, 8435, 68237, 1338, 0, 1332, 'node_id= 918']
[0.019243212464735874, 86648, 9374, 75787, 1487, 0, 1448, 'node_id= 868']
[0.019294976318037116, 86650, 9376, 75783, 1491, 0, 1452, 'node_id= 963']
[0.019372120710181687, 86648, 9372, 75779, 1497, 0, 1458, 'node_id= 485']
[0.019396997929606627, 86647, 9367, 75781, 1499, 0, 1461, 'node_id= 49']
[0.019432267337405676, 78010, 8435, 68223, 1352, 0, 1346, 'node_id= 937']
[0.019436069307315052, 86642, 9363, 75777, 1502, 0, 1464, 'node_id= 86']
[0.019436069307315052, 86647, 9368, 75777, 1502, 0, 1463, 'node_id= 239']
[0.01948922928347238, 83923, 9369, 73101, 1453, 0, 1448, 'node_id= 10']
[0.019526902870157094, 86650, 9372, 75769, 1509, 0, 1470, 'node_id= 287']
[0.0195513831913327, 85373, 9317, 74569, 1487, 0, 1448, 'node_id= 471']
[0.019605052021326154, 86650, 9374, 75761, 1515, 0, 1476, 'node_id= 713']
[0.01977328019048605, 86649, 9373, 75748, 1528, 0, 1490, 'node_id= 671']
[0.01978570873987422, 86650, 9372, 75749, 1529, 0, 1490, 'node_id= 284']
[0.01979916144727988, 86649, 9373, 75746, 1530, 0, 1491, 'node_id= 686']
[0.01992805196821864, 86649, 9371, 75738, 1540, 0, 1502, 'node_id= 324']
[0.019928567731249028, 86649, 9373, 75736, 1540, 0, 1501, 'node_id= 481']
[0.019967389616439773, 86649, 9373, 75733, 1543, 0, 1505, 'node_id= 582']
[0.01998033024483669, 86649, 9373, 75732, 1544, 0, 1505, 'node_id= 571']
[0.020070914643615094, 86648, 9372, 75725, 1551, 0, 1512, 'node_id= 725']
[0.020083855272012008, 86650, 9374, 75724, 1552, 0, 1513, 'node_id= 688']
[0.020160716365377397, 86649, 9370, 75721, 1558, 0, 1520, 'node_id= 93']
[0.02017470074409576, 86602, 9327, 75716, 1559, 0, 1520, 'node_id= 752']
[0.02021326155598116, 86602, 9326, 75714, 1562, 0, 1523, 'node_id= 710']
[0.020238357121598365, 86650, 9371, 75715, 1564, 0, 1526, 'node_id= 195']
[0.020263503583180513, 86212, 9325, 75329, 1558, 0, 1520, 'node_id= 415']
[0.020290380185822614, 86650, 9372, 75710, 1568, 0, 1529, 'node_id= 323']
[0.020393638634040295, 86648, 9369, 75703, 1576, 0, 1538, 'node_id= 252']
[0.020432194616977227, 86648, 9368, 75701, 1579, 0, 1541, 'node_id= 36']
[0.02048527984471045, 86647, 9372, 75692, 1583, 0, 1544, 'node_id= 822']
[0.020509945958376453, 78011, 8435, 68149, 1427, 0, 1421, 'node_id= 786']
[0.020575865415723066, 86648, 9373, 75685, 1590, 0, 1551, 'node_id= 790']
[0.020627361664682438, 86602, 9326, 75682, 1594, 0, 1555, 'node_id= 572']
[0.02065377746719466, 86648, 9374, 75678, 1596, 0, 1557, 'node_id= 967']
[0.020666183549873183, 86649, 9373, 75679, 1597, 0, 1558, 'node_id= 596']
[0.020666718430519967, 86649, 9375, 75677, 1597, 0, 1558, 'node_id= 955']
[0.02069708947179303, 78010, 8435, 68135, 1440, 0, 1434, 'node_id= 958']
[0.020822009990423686, 86649, 9375, 75665, 1609, 0, 1570, 'node_id= 881']
[0.020885363423439746, 86645, 9366, 75665, 1614, 0, 1575, 'node_id= 249']
[0.020899655770375548, 86649, 9375, 75659, 1615, 0, 1576, 'node_id= 959']
[0.020938207699773535, 86648, 9373, 75657, 1618, 0, 1579, 'node_id= 788']
[0.020950877374605312, 86648, 9372, 75657, 1619, 0, 1580, 'node_id= 580']
[0.020950877374605312, 86649, 9373, 75657, 1619, 0, 1581, 'node_id= 622']
[0.02097703008735037, 86650, 9375, 75654, 1621, 0, 1582, 'node_id= 817']
[0.020995865059080143, 84079, 9350, 73160, 1569, 0, 1530, 'node_id= 903']
[0.021001552795031055, 86648, 9368, 75657, 1623, 0, 1585, 'node_id= 22']
[0.02109349725008088, 86648, 9373, 75645, 1630, 0, 1591, 'node_id= 771']
[0.021106164915368292, 86650, 9374, 75645, 1631, 0, 1593, 'node_id= 698']
[0.021119652146905817, 86646, 9372, 75642, 1632, 0, 1593, 'node_id= 893']
[0.02117231069970678, 78007, 8435, 68099, 1473, 0, 1467, 'node_id= 866']
[0.02120968994254361, 86649, 9373, 75637, 1639, 0, 1600, 'node_id= 494']
[0.021546146280863397, 86635, 9359, 75611, 1665, 0, 1626, 'node_id= 649']
[0.021546703936641043, 86605, 9331, 75609, 1665, 0, 1626, 'node_id= 863']
[0.021585247492720804, 86649, 9374, 75607, 1668, 0, 1629, 'node_id= 794']
[0.021637290679918212, 86650, 9376, 75602, 1672, 0, 1633, 'node_id= 921']
[0.021658008341259968, 76761, 8426, 66855, 1480, 0, 1474, 'node_id= 768']
[0.021676113569894143, 86650, 9376, 75599, 1675, 0, 1636, 'node_id= 865']
[0.02171353148979671, 86650, 9371, 75601, 1678, 0, 1640, 'node_id= 196']
[0.02179258223982193, 86650, 9376, 75590, 1684, 0, 1645, 'node_id= 870']
[0.02186881300223864, 86649, 9370, 75589, 1690, 0, 1652, 'node_id= 118']
[0.02186966199078627, 86651, 9375, 75586, 1690, 0, 1651, 'node_id= 609']
[0.021934365132770847, 86650, 9374, 75581, 1695, 0, 1656, 'node_id= 658']
[0.022050545440428587, 86650, 9373, 75573, 1704, 0, 1665, 'node_id= 370']
[0.022061888267674662, 78009, 8432, 68042, 1535, 0, 1529, 'node_id= 645']
[0.022063771416739996, 86651, 9375, 75571, 1705, 0, 1666, 'node_id= 576']
[0.02210259330193074, 86649, 9373, 75568, 1708, 0, 1669, 'node_id= 607']
[0.022125241043337053, 77400, 8429, 67445, 1526, 0, 1521, 'node_id= 222']
[0.02214112866700312, 86650, 9373, 75566, 1711, 0, 1672, 'node_id= 416']
[0.02232171741352761, 86649, 9370, 75554, 1725, 0, 1686, 'node_id= 153']
[0.02243963040608743, 86649, 9375, 75540, 1734, 0, 1695, 'node_id= 957']
[0.022491394259388668, 86649, 9375, 75536, 1738, 0, 1699, 'node_id= 977']
[0.022507437802722165, 78010, 8433, 68011, 1566, 0, 1560, 'node_id= 720']
[0.022684628026450302, 86650, 9373, 75524, 1753, 0, 1714, 'node_id= 371']
[0.02272433159924425, 86649, 9375, 75518, 1756, 0, 1717, 'node_id= 860']
[0.022736389870207176, 86649, 9372, 75520, 1757, 0, 1718, 'node_id= 369']
[0.022840209120554893, 86602, 9326, 75511, 1765, 0, 1726, 'node_id= 723']
[0.022851966873706005, 86645, 9365, 75514, 1766, 0, 1728, 'node_id= 47']
[0.02298225862805233, 86649, 9372, 75501, 1776, 0, 1737, 'node_id= 358']
[0.023202246464019048, 86650, 9373, 75484, 1793, 0, 1754, 'node_id= 414']
[0.02321518692495827, 86649, 9372, 75483, 1794, 0, 1755, 'node_id= 407']
[0.023267249857653088, 86650, 9374, 75478, 1798, 0, 1759, 'node_id= 617']
[0.023356927496473816, 86649, 9370, 75474, 1805, 0, 1767, 'node_id= 92']
[0.023396050622428118, 86648, 9370, 75470, 1808, 0, 1769, 'node_id= 332']
[0.023399209486166007, 78010, 8435, 67947, 1628, 0, 1622, 'node_id= 976']
[0.023565189259139436, 86649, 9374, 75454, 1821, 0, 1782, 'node_id= 850']
[0.023732191151541817, 86650, 9371, 75445, 1834, 0, 1796, 'node_id= 209']
[0.023798123584600452, 86650, 9375, 75436, 1839, 0, 1800, 'node_id= 751']
[0.023835712159836438, 86643, 9364, 75437, 1842, 0, 1803, 'node_id= 124']
[0.024018427931775242, 86648, 9374, 75418, 1856, 0, 1817, 'node_id= 948']
[0.02405631688600748, 86649, 9372, 75418, 1859, 0, 1820, 'node_id= 399']
[0.024131884557893526, 78010, 8434, 67897, 1679, 0, 1673, 'node_id= 849']
[0.024305755188869085, 78007, 8435, 67881, 1691, 0, 1685, 'node_id= 872']
[0.024328066565731072, 86646, 9369, 75397, 1880, 0, 1841, 'node_id= 375']
[0.024367203271390858, 86650, 9374, 75393, 1883, 0, 1844, 'node_id= 574']
[0.024432222581688774, 86649, 9374, 75387, 1888, 0, 1849, 'node_id= 848']
[0.02450592885375494, 78009, 8434, 67870, 1705, 0, 1699, 'node_id= 927']
[0.02451018453813702, 86649, 9375, 75380, 1894, 0, 1855, 'node_id= 926']
[0.024599816245454664, 86649, 9372, 75376, 1901, 0, 1863, 'node_id= 380']
[0.024741520982414368, 86650, 9371, 75367, 1912, 0, 1874, 'node_id= 194']
[0.024807184636885967, 86649, 9373, 75359, 1917, 0, 1878, 'node_id= 537']
[0.02500032350315092, 86648, 9369, 75347, 1932, 0, 1894, 'node_id= 169']
[0.025361250368622825, 80182, 8971, 69405, 1806, 0, 1767, 'node_id= 566']
[0.025660269931029128, 86649, 9370, 75296, 1983, 0, 1945, 'node_id= 213']
[0.025763457556935817, 86648, 9368, 75289, 1991, 0, 1953, 'node_id= 54']
[0.026024283576936355, 77897, 8385, 67703, 1809, 0, 1803, 'node_id= 764']
[0.026049484962989804, 86649, 9373, 75263, 2013, 0, 1974, 'node_id= 544']
[0.02634780133033103, 86604, 9330, 75238, 2036, 0, 1997, 'node_id= 902']
[0.02663998499155775, 71910, 7946, 62260, 1704, 0, 1698, 'node_id= 823']
[0.026890625808789276, 86601, 9325, 75198, 2078, 0, 2040, 'node_id= 546']
[0.027072495276548387, 86650, 9376, 75182, 2092, 0, 2053, 'node_id= 906']
[0.027162379005124488, 86602, 9326, 75177, 2099, 0, 2060, 'node_id= 673']
[0.027305432616403964, 86649, 9375, 75164, 2110, 0, 2071, 'node_id= 867']
[0.027356488431078213, 86649, 9373, 75162, 2114, 0, 2075, 'node_id= 573']
[0.02739646600084074, 77423, 8436, 67097, 1890, 0, 1884, 'node_id= 910']
[0.027679645948988703, 86649, 9372, 75138, 2139, 0, 2100, 'node_id= 450']
[0.028663491899166622, 86650, 9374, 75061, 2215, 0, 2177, 'node_id= 709']
[0.028921181692309682, 86650, 9371, 75044, 2235, 0, 2196, 'node_id= 211']
[0.02984858650038807, 85390, 9373, 73748, 2269, 0, 2230, 'node_id= 832']
[0.02989493654512267, 78009, 8432, 67497, 2080, 0, 2074, 'node_id= 717']
[0.030022646392753153, 86600, 9325, 74955, 2320, 0, 2281, 'node_id= 826']
[0.030175983436853, 86649, 9369, 74948, 2332, 0, 2294, 'node_id= 32']
[0.030177545421605674, 86648, 9372, 74944, 2332, 0, 2293, 'node_id= 581']
[0.0313668655132701, 86648, 9369, 74855, 2424, 0, 2386, 'node_id= 219']
[0.031555596392896054, 82961, 6778, 73779, 2404, 0, 2365, 'node_id= 547']
[0.03163942699638961, 86645, 9368, 74832, 2445, 0, 2406, 'node_id= 444']
[0.03167602821393171, 78029, 8418, 67406, 2205, 0, 2171, 'node_id= 491']
[0.0319798778296802, 78010, 8435, 67350, 2225, 0, 2219, 'node_id= 853']
[0.03224846328049175, 86648, 9373, 74783, 2492, 0, 2453, 'node_id= 797']
[0.032350315092068996, 86649, 9370, 74779, 2500, 0, 2462, 'node_id= 65']
[0.03406017470074409, 86648, 9373, 74643, 2632, 0, 2593, 'node_id= 783']
[0.035127560186848726, 78011, 8436, 67131, 2444, 0, 2438, 'node_id= 854']
[0.03539063245254221, 82727, 9346, 70784, 2597, 0, 2558, 'node_id= 804']
[0.035973550382380724, 86649, 9370, 74499, 2780, 0, 2741, 'node_id= 188']
[0.03617954596657699, 84797, 9340, 72727, 2730, 0, 2691, 'node_id= 920']
[0.0366205566842221, 86648, 9369, 74449, 2830, 0, 2791, 'node_id= 94']
[0.037340462228354604, 78009, 8433, 66978, 2598, 0, 2592, 'node_id= 762']
[0.038521754002815455, 84689, 8680, 73081, 2928, 0, 2889, 'node_id= 840']
[0.04017961127358369, 86650, 9372, 74173, 3105, 0, 3067, 'node_id= 309']
[0.040284176199596254, 86648, 9372, 74163, 3113, 0, 3074, 'node_id= 650']
[0.041364021646997456, 83460, 6775, 73513, 3172, 0, 3133, 'node_id= 240']
[0.041497536945812805, 85492, 9367, 72966, 3159, 0, 3120, 'node_id= 695']
[0.043751698435498275, 86650, 9373, 73896, 3381, 0, 3342, 'node_id= 454']
[0.043912528746581025, 82833, 9346, 70260, 3227, 0, 3188, 'node_id= 841']
[0.044539913818760594, 86645, 9366, 73837, 3442, 0, 3404, 'node_id= 58']
[0.044552853944797424, 86649, 9370, 73836, 3443, 0, 3405, 'node_id= 156']
[0.04536307709998275, 78008, 8436, 66416, 3156, 0, 3150, 'node_id= 886']
[0.04664425673734414, 78022, 8410, 66365, 3247, 0, 3212, 'node_id= 470']
[0.04682040531097135, 86648, 9374, 73656, 3618, 0, 3579, 'node_id= 966']
[0.04702611691922158, 85989, 9372, 73014, 3603, 0, 3564, 'node_id= 789']
[0.04825112107623318, 75320, 8420, 63672, 3228, 0, 3222, 'node_id= 962']
[0.05176050414731039, 86649, 9370, 73279, 4000, 0, 3962, 'node_id= 190']
[0.05263839337092876, 77947, 8435, 65853, 3659, 0, 3653, 'node_id= 821']
[0.053367842122290524, 86649, 9374, 73151, 4124, 0, 4085, 'node_id= 793']
[0.05465030992478392, 78888, 9355, 65733, 3800, 0, 3762, 'node_id= 313']
[0.05478900770380591, 78009, 8433, 65764, 3812, 0, 3806, 'node_id= 779']
[0.05949792960662526, 86648, 9368, 72682, 4598, 0, 4560, 'node_id= 38']
[0.06127112797516385, 78010, 8434, 65313, 4263, 0, 4257, 'node_id= 839']
[0.0625, 86649, 9369, 72450, 4830, 0, 4791, 'node_id= 21']
[0.06698860822189202, 72573, 7965, 60280, 4328, 0, 4323, 'node_id= 730']
[0.07170500676589986, 83274, 9374, 68601, 5299, 0, 5260, 'node_id= 964']
[0.07259343487237799, 75254, 8416, 61986, 4852, 0, 4846, 'node_id= 496']
[0.07282579013179642, 78011, 8434, 64510, 5067, 0, 5061, 'node_id= 653']
[0.07297367735209799, 83468, 6728, 71140, 5600, 0, 5562, 'node_id= 294']
[0.07377261316286654, 86643, 9365, 71577, 5701, 0, 5663, 'node_id= 286']
[0.07386319521726753, 86650, 9372, 71570, 5708, 0, 5670, 'node_id= 310']
[0.07714042247836032, 75305, 8414, 61731, 5160, 0, 5155, 'node_id= 97']
[0.08214157384117858, 78009, 8434, 63860, 5715, 0, 5709, 'node_id= 932']
[0.08232918475893836, 82546, 6777, 69531, 6238, 0, 6200, 'node_id= 319']
[0.08346597305796033, 86649, 9372, 70827, 6450, 0, 6411, 'node_id= 457']
[0.08605406524580406, 86649, 9372, 70627, 6650, 0, 6611, 'node_id= 427']
[0.08786497176847127, 74655, 8417, 60418, 5820, 0, 5814, 'node_id= 648']
[0.08805755768061181, 86647, 9368, 70474, 6805, 0, 6766, 'node_id= 262']
[0.0923747333708468, 83194, 6777, 69358, 7059, 0, 7021, 'node_id= 343']
[0.09804710553141263, 83923, 9367, 67246, 7310, 0, 7304, 'node_id= 18']
[0.09824143687159513, 86650, 9371, 69687, 7592, 0, 7554, 'node_id= 237']
[0.09880041927093443, 86644, 9367, 69642, 7635, 0, 7596, 'node_id= 392']
[0.09956261808017806, 86649, 9371, 69584, 7694, 0, 7655, 'node_id= 288']
[0.10059418185728881, 83441, 9053, 66905, 7483, 0, 7445, 'node_id= 755']
[0.10199407342227514, 86650, 9371, 69397, 7882, 0, 7844, 'node_id= 264']
[0.10553278688524591, 80630, 8406, 64602, 7622, 0, 7617, 'node_id= 107']
[0.10570788959484466, 86650, 9371, 69110, 8169, 0, 8131, 'node_id= 62']
[0.10892998097801472, 86649, 9370, 68861, 8418, 0, 8380, 'node_id= 187']
[0.11041651522861089, 77205, 8420, 61190, 7595, 0, 7556, 'node_id= 844']
[0.1119047961251563, 78010, 8433, 61791, 7786, 0, 7780, 'node_id= 651']
[0.11241087488192135, 86648, 9369, 68592, 8687, 0, 8649, 'node_id= 204']
[0.11767750617891018, 86650, 9371, 68185, 9094, 0, 9056, 'node_id= 215']
[0.11781361388984707, 78011, 8435, 61379, 8197, 0, 8191, 'node_id= 837']
[0.1189601180154766, 86649, 9371, 68085, 9193, 0, 9155, 'node_id= 314']
[0.11950982452453504, 85506, 9370, 67037, 9099, 0, 9061, 'node_id= 256']
[0.1273189326556544, 75309, 8414, 58378, 8517, 0, 8512, 'node_id= 311']
[0.1343948000873935, 82601, 9369, 63390, 9842, 0, 9831, 'node_id= 756']
[0.1470345963756178, 84635, 9367, 64201, 11067, 0, 11028, 'node_id= 247']
[0.14715859062630812, 77711, 8432, 59084, 10195, 0, 10189, 'node_id= 570']
[0.18118116701112652, 79989, 9347, 57843, 12799, 0, 12797, 'node_id= 2']
[0.28866021985288043, 81847, 9253, 51639, 20955, 0, 20950, 'node_id= 19']
[0.4220986267618392, 82604, 27406, 31899, 23299, 0, 15493, 'node_id= 6']
[0.43072212761331935, 75952, 20754, 31423, 23775, 0, 15969, 'node_id= 5']
[0.43280553643247943, 82403, 27205, 31308, 23890, 0, 16084, 'node_id= 4']
[0.6486625408639514, 72944, 24307, 17088, 31549, 0, 26660, 'node_id= 3']
